
% exercise 3 table 1
mesh1e1 = 18, 17, 17, 19
mesh2e1 = 37, 37, 35, 47
netz4504 dual = 25, 23, 24, 30
stufe = 16, 16, 16, 16
ukerbe1 = 32, 27, 29, 32

% exercise 4 table 2


% exercise 5 table 3
rec_cut_16 = [197, 607, 297, 730, 245, 284, 616];
rec_cut_32 = [322, 988, 509, 1089, 445, 470, 1006];

kway_cut_16 = [170, 607, 278, 673, 245, 255, 551];
kway_cut_32 = [279, 988, 471, 1042, 411, 439, 933];



